***General model metrics***
	Accuracy: 0.5344954049272986
	Precision: 0.5131661711718206
	Recall: 0.5344954049272986
	F1: 0.4928441115870109
***Kermit***
	Accuracy: 0.5456702765672865
	Precision: 0.4746136865342163
	Recall: 0.2301255230125523
	F1: 0.30996068152031453
	MAP: 0.45059363564408633
***Waldorf & Statler***
	Accuracy: 0.9839496052120636
	Precision: 0.17346938775510204
	Recall: 0.05519480519480519
	F1: 0.08374384236453203
	MAP: 0.02213015982593581
