***General model metrics***
	Accuracy: 0.773180308064029
	Precision: 0.7607799063544372
	Recall: 0.773180308064029
	F1: 0.7579379817169203
***Kermit***
	Accuracy: 0.7894464339647064
	Precision: 0.6759259259259259
	Recall: 0.4984825493171472
	F1: 0.5737991266375546
	MAP: 0.4795355442269623
***Waldorf & Statler***
	Accuracy: 0.978815204728826
	Precision: 0.6131386861313869
	Recall: 0.16091954022988506
	F1: 0.2549317147192716
	MAP: 0.11756404094553714
