***General model metrics***
	Accuracy: 0.5376450791733184
	Precision: 0.5158612069228952
	Recall: 0.5376450791733184
	F1: 0.4906844056981384
***Kermit***
	Accuracy: 0.5490788281485955
	Precision: 0.4811851211072664
	Recall: 0.21650287048749636
	F1: 0.29863767532380375
	MAP: 0.4515913439138312
***Waldorf & Statler***
	Accuracy: 0.9845967985502869
	Precision: 0.14492753623188406
	Recall: 0.032467532467532464
	F1: 0.05305039787798408
	MAP: 0.017563013807416525
