***Kermit***
	Accuracy: 0.7814643827932864
	Precision: 0.6737297789929368
	Recall: 0.4487101669195751
	F1: 0.5386647235631661
	MAP: 0.4590596281082775
***Waldorf & Statler***
	Accuracy: 0.9780385727229581
	Precision: 0.5915492957746479
	Recall: 0.08045977011494253
	F1: 0.14165261382799324
	MAP: 0.06830610717282795
***General model metrics***
	Accuracy: 0.7639470164387108
	Precision: 0.7495293766612935
	Recall: 0.7639470164387108
	F1: 0.742520099839919
