***General model metrics***
	Accuracy: 0.9934417741726712
	Precision: 0.9934538278999971
	Recall: 0.9934417741726712
	F1: 0.9934139743772142
***Pigs***
	Accuracy: 0.994390991068732
	Precision: 0.9948320413436692
	Recall: 0.9751323969606263
	F1: 0.9848837209302325
	MAP: 0.9747527450838923
***Swedish chef***
	Accuracy: 0.9989644906588429
	Precision: 0.9983333333333333
	Recall: 0.9630225080385852
	F1: 0.9803600654664484
	MAP: 0.9624098336437965
