***General model metrics***
	Accuracy: 0.6245847176079734
	Precision: 0.7372315983055056
	Recall: 0.6245847176079734
	F1: 0.48320750944537116
***Pigs***
	Accuracy: 0.653276955602537
	Precision: 1.0
	Recall: 0.008146136756356455
	F1: 0.016160626836434867
	MAP: 0.35486918115381944
***Swedish chef***
	Accuracy: 0.9713077620054364
	Precision: 0.0
	Recall: 0.0
	F1: 0.0
	MAP: 0.028692237994563576
