***General model metrics***
	Accuracy: 0.9909392932648746
	Precision: 0.990984679449878
	Recall: 0.9909392932648746
	F1: 0.990880554423247
***Pigs***
	Accuracy: 0.991802217715839
	Precision: 0.9952301454805629
	Recall: 0.9608565507713562
	F1: 0.9777413308341143
	MAP: 0.9636082626433253
***Swedish chef***
	Accuracy: 0.9990939293264874
	Precision: 1.0
	Recall: 0.9662379421221865
	F1: 0.9828291087489779
	MAP: 0.9671440127956991
