***General model metrics***
	Accuracy: 0.8593001682702679
	Precision: 0.8781938676716765
	Recall: 0.8593001682702679
	F1: 0.8311096871220198
***Pigs***
	Accuracy: 0.8784570910816758
	Precision: 0.9829113924050633
	Recall: 0.35758692148284593
	F1: 0.5243964207327367
	MAP: 0.4718542198100665
***Swedish chef***
	Accuracy: 0.9805410536307546
	Precision: 1.0
	Recall: 0.27491961414790994
	F1: 0.43127364438839844
	MAP: 0.29437856051715533
