***General model metrics***
	Accuracy: 0.617508737110066
	Precision: 0.475287086001501
	Recall: 0.617508737110066
	F1: 0.4813221906667534
***Pigs***
	Accuracy: 0.6438279328644777
	Precision: 0.2524271844660194
	Recall: 0.009627252530239447
	F1: 0.018547140649149925
	MAP: 0.3486354699772361
***Swedish chef***
	Accuracy: 0.9711783233377917
	Precision: 0.0
	Recall: 0.0
	F1: 0.0
	MAP: 0.028692237994563576
