***General model metrics***
	Accuracy: 0.9801527376278207
	Precision: 0.9801468107100286
	Recall: 0.9801527376278207
	F1: 0.9801492936435637
***Kermit***
	Accuracy: 0.9808430771885921
	Precision: 0.9668793679732605
	Recall: 0.9657056145675266
	F1: 0.9662921348314607
	MAP: 0.9434718805571759
***Waldorf & Statler***
	Accuracy: 0.9991802217715839
	Precision: 0.9831697054698457
	Recall: 0.9901129943502824
	F1: 0.9866291344123856
	MAP: 0.9737511245950717
