***General model metrics***
	Accuracy: 0.8666350261034647
	Precision: 0.8984048686568675
	Recall: 0.8666350261034647
	F1: 0.8752079785125171
***Pigs***
	Accuracy: 0.868101997670104
	Precision: 0.6011324315822586
	Recall: 0.8800368408933916
	F1: 0.7143257639472947
	MAP: 0.5514978679958342
***Swedish chef***
	Accuracy: 0.9980584199853303
	Precision: 0.9931623931623932
	Recall: 0.9340836012861736
	F1: 0.9627174813587407
	MAP: 0.9294656999915997
