***General model metrics***
	Accuracy: 0.5095137420718816
	Precision: 0.8005103708733016
	Recall: 0.5095137420718816
	F1: 0.5861350192158695
***Pigs***
	Accuracy: 0.7704189498209432
	Precision: 0.4249206349206349
	Recall: 0.6118857142857143
	F1: 0.5015456674473069
	MAP: 0.33326515210002255
***Swedish chef***
	Accuracy: 0.6978470034948441
	Precision: 0.07646356033452807
	Recall: 0.9260450160771704
	F1: 0.14126302881667685
	MAP: 0.07279342519652367
